0,1
10,5.628
20,7.716
30,9.072
40,10.06
50,10.828
60,11.51
70,12.08
80,12.386
90,12.918
100,13.314
110,13.744
120,13.944
130,14.154
140,14.556
150,14.754
160,14.996
170,15.282
180,15.412
190,15.55
200,15.968
210,16.146
220,16.194
230,16.354
240,16.478
250,16.74
260,16.834
270,17.002
280,17.148
290,17.384
300,17.48
310,17.418
320,17.614
330,17.732
340,17.83
350,18.026
360,18.152
370,18.346
380,18.128
390,18.414
400,18.422
410,18.624
420,18.678
430,18.766
440,18.794
450,18.966
460,18.872
470,19.13
480,19.294
490,19.114
500,19.414
510,19.292
520,19.47
530,19.466
540,19.652
550,19.616
560,19.864
570,19.952
580,19.89
590,19.978
600,20.072
610,20.248
620,20.22
630,20.088
640,20.316
650,20.294
660,20.39
670,20.502
680,20.518
690,20.728
700,20.674
710,20.75
720,20.724
730,20.742
740,20.908
750,21
760,20.924
770,21.138
780,21.056
790,21.008
800,21.08
810,21.326
820,21.3
830,21.386
840,21.36
850,21.348
860,21.306
870,21.422
880,21.73
890,21.532
900,21.622
910,21.712
920,21.652
930,21.77
940,21.778
950,21.824
960,21.954
970,21.838
980,21.944
990,22.036
1000,22.284
1010,22.026
1020,21.994
1030,22.116
1040,22.054
1050,22.224
1060,22.218
1070,22.174
1080,22.206
1090,22.378
1100,22.406
1110,22.544
1120,22.53
1130,22.344
1140,22.586
1150,22.754
1160,22.63
1170,22.686
1180,22.692
1190,22.894
1200,22.72
1210,22.908
1220,22.968
1230,22.85
1240,22.792
1250,22.818
1260,22.946
1270,22.894
1280,23.06
1290,22.972
1300,23.006
1310,23.026
1320,23.124
1330,23.082
1340,23.272
1350,23.078
1360,23.22
1370,23.202
1380,23.446
1390,23.296
1400,23.394
1410,23.318
1420,23.532
1430,23.376
1440,23.702
1450,23.468
1460,23.472
1470,23.578
1480,23.786
1490,23.678
1500,23.538
1510,23.612
1520,23.696
1530,23.76
1540,23.66
1550,23.746
1560,23.786
1570,23.804
1580,23.784
1590,23.698
1600,23.8
1610,23.96
1620,24.08
1630,23.88
1640,24.058
1650,23.922
1660,23.97
1670,24.026
1680,24.098
1690,24.108
1700,24.136
1710,24.212
1720,24.072
1730,24.174
1740,24.42
1750,24.28
1760,24.24
1770,24.24
1780,24.19
1790,24.334
1800,24.362
1810,24.558
1820,24.32
1830,24.36
1840,24.462
1850,24.45
1860,24.502
1870,24.376
1880,24.7
1890,24.45
1900,24.556
1910,24.606
1920,24.736
1930,24.722
1940,24.564
1950,24.692
1960,24.752
1970,24.636
1980,24.786
1990,24.742
